[  1879.   3387.  25417.  34853.   3388.  36265.  23900.   1983.   4601.  58253.    705.   1977.],
[  1252.   3953.  49154.  11177.   3494.  58639.    540.   2863.  10198.  52026.    469.   2843.],
[  1485.   3467.  19701.  40883.   3295.  59720.    528.   1993.   3634.  59720.    195.   1987.],
[  2043.   4640.  56314.   2539.   6511.  56267.    263.   2495.  29538.  33248.    242.   2508.],
[  2892.   2311.  58359.   1974.   4048.  59392.    181.   1915.   7191.  56259.    164.   1922.],
[  1726.   4937.  36679.  22194.   8978.  53020.    687.   2851.  10300.  51764.    620.   2852.],
[  1312.   6354.  55017.   2853.   8107.  54537.    361.   2531.  11468.  51188.    342.   2538.],
[  2846.   5448.  54605.   2637.   9229.  53345.    431.   2531.  21403.  41176.    411.   2546.],
[  1554.   5919.  55237.   2826.   9692.  52755.    361.   2728.  13545.  48945.    327.   2719.],
[  1926.   6492.  53401.   3717.  13297.  48008.    561.   3670.  24831.  36560.    479.   3666.],
[    84.   3845.  16024.  45583.   4925.  25281.  33640.   1690.  15349.  48146.    341.   1700.],
[  3234.   8313.  50736.   3253.  20053.  41882.    468.   3133.  46664.  15289.    435.   3148.],
[  2116.   4890.  33436.  25094.  13607.  49694.    324.   1911.  14976.  48336.    296.   1928.],
[  2360.   3515.  39304.  20357.   4609.  55978.   1114.   3835.  28055.  32673.    967.   3841.],
[  1897.   1977.  31664.  29998.   6217.  54426.   2391.   2502.  27144.  35159.    722.   2511.],
[  1214.   3160.  29970.  31192.   3960.  55238.   3802.   2536.  26596.  35678.    754.   2508.],
[  2232.   5052.  54498.   3754.  15531.  45370.   1168.   3467.  30216.  30762.   1078.   3480.],
[  3129.  18485.  40217.   3705.  29376.  31601.   1135.   3424.  40153.  20863.   1069.   3451.],
[  2064.   2874.  34972.  25626.  13780.  48093.   1015.   2648.  28198.  33692.    933.   2713.],
[  1805.   2980.  36301.  24450.  11051.  51192.    823.   2470.  27847.  34440.    722.   2527.],
[  2326.   5712.  53548.   3950.  23687.  37246.    891.   3712.  34996.  25974.    834.   3732.],
[  2292.   4682.  54058.   4504.   7892.  52497.    903.   4244.  34529.  25942.    847.   4218.],
[   572.   2196.  28479.  34289.   2137.  35883.  25917.   1599.  19835.  43662.    458.   1581.],
[  3122.   9291.  49175.   3948.  29992.  30888.   1001.   3655.  45709.  15240.    935.   3652.],
[  1051.   2172.  29310.  33003.   2415.  37017.  24300.   1804.  22209.  40900.    579.   1848.],
[  1861.   5402.  44669.  13604.   5781.  54143.   1417.   4195.  22017.  38074.   1302.   4143.],
[  2017.   3785.  43883.  15851.   5485.  51655.   4631.   3765.  12591.  47700.   1517.   3728.],
[  2118.   3334.  43872.  16212.   5922.  46678.   9829.   3107.  11251.  49773.   1395.   3117.],
[  1940.   3153.  43206.  17237.   4606.  47327.  11490.   2113.   9945.  48552.   4913.   2126.],
[  1062.   1412.  44215.  18847.   2200.  48241.  13650.   1445.   4459.  50151.   9528.   1398.],
[  1453.   2201.  43537.  18345.   4561.  47053.  11619.   2303.   7721.  52479.   3052.   2284.],
[  1818.   3920.  46545.  13253.   5081.  55737.   1691.   3027.  22629.  38574.   1367.   2966.],
[  1831.   5658.  46520.  11527.   6613.  53596.   1849.   3478.  25571.  34867.   1677.   3421.],
[  2353.   8691.  49794.   4698.  14268.  46127.   1344.   3797.  42660.  17850.   1229.   3797.],
[  2672.   9593.  49100.   4171.  19603.  40874.   1598.   3461.  42170.  18363.   1501.   3502.],
[  2284.   5190.  46187.  11875.   9961.  46754.   5737.   3084.  35618.  25176.   1617.   3125.],
[  1485.   4907.  45115.  14029.   6230.  46823.   9831.   2652.  20542.  40872.   1405.   2717.],
[   852.    987.  43954.  19743.   1419.  51239.  11171.   1707.   3781.  53274.   6699.   1782.],
[  1221.   3028.  47702.  13585.   6368.  48826.   7725.   2617.  17093.  44758.   1090.   2595.],
[  1563.   5098.  47251.  11624.   6919.  53789.   1425.   3403.  28430.  32371.   1321.   3414.],
[  1718.   6436.  46657.  10725.   7104.  53278.   1343.   3811.  29679.  30849.   1212.   3796.],
[  1907.   5817.  44409.  13403.   4060.  56286.   4514.    676.   7030.  52685.   3809.   2012.],
[  1.30000000e+01   6.24800000e+03   5.85010000e+04   7.74000000e+02   1.32100000e+03   5.80760000e+04   5.31500000e+03   8.24000000e+02   1.60320000e+04   4.18700000e+04   5.93300000e+03   1.70100000e+03],
[  9.90000000e+01   6.36800000e+03   5.79000000e+04   1.16900000e+03   2.30000000e+01   6.13490000e+04   3.05800000e+03   1.10600000e+03   1.78900000e+03   5.71910000e+04   5.43300000e+03   1.12300000e+03],
[   139.   6520.  57483.   1394.   1552.  57533.   4953.   1498.  14782.  42512.   6320.   1922.],
[  9.00000000e+00   6.54200000e+03   5.64580000e+04   2.52700000e+03   4.90000000e+01   6.06030000e+04   4.09100000e+03   7.93000000e+02   2.15000000e+02   5.82590000e+04   6.11400000e+03   9.48000000e+02],
[  1.00000000e+00   1.03310000e+04   5.41730000e+04   1.03100000e+03   4.77200000e+03   5.50220000e+04   4.54500000e+03   1.19700000e+03   7.32100000e+03   5.08470000e+04   5.78900000e+03   1.57900000e+03],
[  6.00000000e+00   7.92000000e+03   5.60520000e+04   1.55800000e+03   3.54400000e+03   5.63810000e+04   4.00300000e+03   1.60800000e+03   6.28400000e+03   5.21180000e+04   5.48000000e+03   1.65400000e+03],
[    70.   8680.  55488.   1298.   2421.  57151.   4498.   1466.   6514.  51030.   6417.   1575.],
[     0.   9112.  55586.    838.   7172.  52796.   4702.    866.  10124.  48260.   5905.   1247.],
[     0.   9451.  55085.   1000.  13130.  45432.   5925.   1049.  24318.  32688.   6082.   2448.],
[  3.30000000e+01   1.59450000e+04   4.82390000e+04   1.31900000e+03   1.09370000e+04   5.17040000e+04   1.43400000e+03   1.46100000e+03   1.36140000e+04   4.69710000e+04   3.44900000e+03   1.50200000e+03],
[    60.  12586.  50873.   2017.  11149.  46856.   5310.   2221.  30668.  25503.   7084.   2281.],
[  3.60000000e+01   9.46200000e+03   4.51620000e+04   1.08760000e+04   1.01660000e+04   5.11540000e+04   3.31900000e+03   8.97000000e+02   1.03390000e+04   4.91060000e+04   5.11600000e+03   9.75000000e+02],
[   662.   7587.  55863.   1424.  14682.  44020.   5286.   1548.  26140.  31232.   5939.   2225.],
[  1026.   7039.  43346.  14125.  22588.  37789.   3407.   1752.  25302.  34204.   4172.   1858.],
[   879.  26567.  36786.   1304.  25237.  37698.   1113.   1488.  29448.  32303.   2229.   1556.],
[   576.  16901.  46062.   1997.  24458.  33962.   4759.   2357.  32647.  24854.   5586.   2449.],
[   841.  16358.  46430.   1907.  23665.  34291.   5335.   2245.  28436.  28172.   6565.   2363.],
[   720.  13432.  44942.   6442.  21735.  39414.   2966.   1421.  22969.  36632.   4422.   1513.],
[   439.   8418.  47490.   9189.  18932.  42770.   2706.   1128.  25844.  34590.   3881.   1221.],
[   291.   7926.  56188.   1131.  14104.  45044.   5134.   1254.  30077.  27808.   6201.   1450.],
[   418.   7847.  56019.   1252.  11762.  46597.   5810.   1367.  33448.  23588.   6325.   2175.],
[   920.  26841.  36472.   1303.  24696.  38328.   1066.   1446.  26453.  35615.   1944.   1524.],
[   913.  17124.  45400.   2099.  26639.  30893.   5579.   2425.  39326.  16842.   6824.   2544.],
[   588.  11800.  41919.  11229.  22789.  39665.   2012.   1070.  23393.  38009.   2984.   1150.],
[  1296.   9436.  51646.   3158.   5100.  53716.   5337.   1383.  26016.  31768.   6247.   1505.],
[  1530.   9261.  47319.   7426.   5221.  53626.   5081.   1608.  26328.  31541.   5904.   1763.],
[  1822.   8462.  45021.  10231.   5269.  50861.   7943.   1463.  28343.  30979.   4631.   1583.],
[  1615.   6223.  46153.  11545.   4061.  50428.   9389.   1658.  26504.  34217.   3044.   1771.],
[  1273.   7479.  48352.   8432.  14593.  45210.   4373.   1360.  45018.  17694.   1391.   1433.],
[   901.  18257.  43064.   3314.  27157.  35259.   1662.   1458.  45619.  16513.   1837.   1567.],
[  1233.  20290.  42694.   1319.  24303.  36763.   2839.   1631.  41850.  18365.   3534.   1787.],
[  1037.  14353.  48429.   1717.  14262.  44644.   4579.   2051.  39551.  18433.   5347.   2205.],
[  1871.  16331.  45516.   1818.  15087.  42855.   5394.   2200.  39169.  17704.   6346.   2317.],
[   911.  11981.  48557.   4087.  11368.  46707.   5243.   2218.  35627.  21126.   6438.   2345.],
[  1150.  13779.  42241.   8366.  14149.  44280.   5294.   1813.  39259.  19383.   4935.   1959.],
[  1232.  11829.  43458.   9017.  14066.  43058.   6948.   1464.  42885.  17920.   3145.   1586.],
[   745.   5449.  50391.   8951.   9463.  48530.   6396.   1147.  43763.  18717.   1794.   1262.],
[   662.   7861.  47512.   9501.   7653.  49974.   6623.   1286.  32401.  29495.   2242.   1398.],
[   640.   7642.  47614.   9640.   4306.  56194.   3651.   1385.  21862.  37873.   4287.   1514.],
[  1073.   9599.  48885.   5979.   5687.  53813.   4713.   1323.  23514.  34934.   5622.   1466.],
[  3074.   6021.   4814.  51627.   4335.  19405.  40489.   1307.   4761.  49742.   9674.   1359.],
[   142.   8382.   3567.  53445.   2360.  28162.  33659.   1355.   3171.  58250.   2749.   1366.],
[   876.   7284.   5876.  51500.   4376.  18357.  40743.   2060.   4794.  58069.    587.   2086.],
[   375.   6470.  12103.  46588.   1154.  50268.  11702.   2412.   1915.  58967.   2237.   2417.],
[   283.   7252.   7174.  50827.   2151.  17102.  44752.   1531.   3177.  58458.   2366.   1535.],
[  4.00000000e+01   8.44500000e+03   2.28000000e+03   5.47710000e+04   2.72300000e+03   1.28730000e+04   4.83710000e+04   1.56900000e+03   4.04400000e+03   5.91220000e+04   7.89000000e+02   1.58100000e+03],
[   714.   6346.   9440.  49036.   2424.  58965.   1392.   2755.   3056.  58514.   1171.   2795.],
[   181.   7058.   6605.  51692.   1109.  32480.  29469.   2478.   1510.  59113.   2425.   2488.],
[  2.70000000e+01   7.66800000e+03   3.60000000e+03   5.42410000e+04   1.78700000e+03   1.31170000e+04   4.95590000e+04   1.07300000e+03   2.80100000e+03   5.97560000e+04   1.90800000e+03   1.07100000e+03],
[  6.00000000e+00   7.70700000e+03   3.15900000e+03   5.46640000e+04   1.09000000e+03   2.69550000e+04   3.64370000e+04   1.05400000e+03   2.71900000e+03   6.07300000e+04   1.03900000e+03   1.04800000e+03],
[   312.   6634.   3282.  55308.   3850.  10644.  49133.   1909.   4297.  58812.    502.   1925.],
[   385.   6427.   7311.  51413.   1445.  57536.   3162.   3393.   2161.  57311.   2646.   3418.],
[   151.   7212.   4391.  53782.   2521.  11045.  50654.   1316.   3947.  54621.   5642.   1326.],
[    97.   6500.   8317.  50622.   1989.  22880.  39472.   1195.   2998.  55861.   5490.   1187.],
[   502.   6527.  13825.  44682.   3096.  18036.  43194.   1210.   3638.  21707.  38990.   1201.],
[  1024.   4418.  14263.  45831.   2299.  24613.  36092.   2532.  10629.  51730.    594.   2583.],
[   898.   4901.  19307.  40430.   1732.  57903.   2270.   3631.   7047.  52953.   1870.   3666.],
[   537.   5729.  21775.  37495.   1471.  42667.  18002.   3396.   4534.  54581.   2998.   3423.],
[   675.   6090.  19688.  39083.   1964.  23838.  37808.   1926.   6874.  50262.   6451.   1949.],
[   232.   6091.  19734.  39479.   1481.  25575.  37824.    656.   2365.  30021.  32500.    650.],
[  2.90000000e+01   5.71000000e+03   1.11620000e+04   4.86350000e+04   1.68400000e+03   2.70200000e+04   3.59660000e+04   8.66000000e+02   2.30800000e+03   5.99010000e+04   2.47300000e+03   8.54000000e+02],
[  1738.   3239.  10154.  50405.   2377.  27843.  35227.     89.   2429.  57479.   5481.    147.],
[   188.   5606.   6178.  53564.   1069.  36435.  27775.    257.   1320.  60750.   3121.    345.],
[   369.   5457.   3257.  56453.   1386.  18621.  45393.    136.   1578.  62129.   1692.    137.],
[   185.   5868.   8554.  50929.   1403.  40134.  23839.    160.   2222.  58899.   4032.    383.],
[  7.40000000e+01   5.97200000e+03   4.22100000e+03   5.52690000e+04   8.69000000e+02   2.34430000e+04   4.11770000e+04   4.70000000e+01   1.61500000e+03   6.12100000e+04   2.67100000e+03   4.00000000e+01],
[   179.   5688.   9536.  50133.   3327.  24306.  37586.    317.   7310.  55537.   2332.    357.],
[    62.   6774.  10354.  48346.   3556.  22179.  39659.    142.   6853.  54522.   4032.    129.],
[   407.   5789.  13933.  45407.   2736.  32391.  30190.    219.   9572.  51607.   3922.    435.],
[   170.   6190.  11722.  47454.   2439.  28566.  34361.    170.   6712.  55616.   2923.    285.],
[   297.   6221.  17628.  41390.   1033.  42860.  21122.    521.   3725.  57283.   3796.    732.],
[  4.20000000e+01   5.05300000e+03   1.63650000e+04   4.40760000e+04   2.88300000e+03   2.61910000e+04   3.62900000e+04   1.72000000e+02   1.33450000e+04   5.06370000e+04   1.38400000e+03   1.70000000e+02],
[   564.   5976.  23028.  35968.    986.  52402.  11760.    388.   6293.  53687.   4727.    829.],
[   643.   5644.  16434.  42815.   1950.  28204.  35302.     80.  11001.  52365.   2117.     53.],
[  1030.   6130.  24315.  34061.   1851.  35603.  27429.    653.   1666.  60271.   2794.    805.],
[   540.   4577.  26319.  34100.   1138.  32179.  31824.    395.   5776.  57267.   2132.    361.],
[   461.   5801.  26052.  33222.   1178.  32535.  31564.    259.   4178.  58598.   2517.    243.],
[   500.   6437.  29360.  29239.   1343.  44364.  19411.    418.   1414.  58668.   4735.    719.],
[  1214.   5832.  30409.  28081.   2015.  41524.  21225.    772.   2006.  58417.   4019.   1094.],
[  1026.   5301.  29403.  29806.   1886.  34290.  29166.    194.   1753.  45505.  18112.    166.],
[  1103.   5614.  27655.  31164.   1933.  34603.  28878.    122.   2039.  53883.   9505.    109.],
[  1258.   6325.  27634.  30319.   2180.  41945.  20915.    496.   2126.  59166.   3514.    730.],
[   658.   6243.  19283.  39352.   1568.  49843.  13561.    564.   1675.  59088.   3984.    789.],
[   381.   3833.  26609.  34713.    885.  33149.  31336.    166.   5872.  56383.   3119.    162.],
[   721.   5773.  29199.  29843.   1427.  51504.  12155.    450.   1656.  58271.   4598.   1011.],
[  1178.   4491.  28835.  31032.   1912.  33246.  30235.    143.   2277.  48207.  14946.    106.],
[   879.   5615.  12103.  46939.   2502.  45848.  16666.    520.   3112.  54481.   7228.    715.],
[  1416.   5093.  11233.  47794.   2808.  45491.  16545.    692.   3057.  53162.   8483.    834.],
[  1099.   4940.  13093.  46404.   2104.  47592.  15414.    426.   2685.  48948.  13486.    417.],
[  1028.   4031.  14435.  46042.   2308.  47106.  15462.    660.   2492.  50099.  12536.    409.],
[   780.   3299.  17943.  43514.   1247.  48730.  15358.    201.   1003.  51571.  12767.    195.],
[  1264.   3845.  22629.  37798.   1835.  47359.  16016.    326.   2255.  50122.  12787.    372.],
[  1074.   4770.  20645.  39047.   1699.  45725.  17757.    355.   2036.  51605.  11344.    551.],
[  1062.   4762.  20044.  39668.   2522.  45398.  17014.    602.   2880.  54452.   7058.   1146.],
[  1145.   4780.  19292.  40319.   3182.  45363.  16414.    577.   3522.  53315.   7505.   1194.],
[  1610.   4821.  23177.  35928.   3569.  44015.  17272.    680.   4138.  53920.   6447.   1031.],
[  1498.   4423.  14711.  44904.   3658.  44667.  16813.    398.   4261.  48329.  12353.    593.],
[   994.   4069.  15079.  45394.   3124.  45811.  16210.    391.   4339.  48907.  12046.    244.],
[   671.   2979.  15036.  46850.   1175.  47338.  16829.    194.   1743.  52647.  10993.    153.],
[   670.   4578.  13579.  46709.   1617.  48491.  15279.    149.   3435.  50371.  11584.    146.],
[  1299.   5257.  15172.  43808.   2423.  46181.  16684.    248.   3634.  50967.  10654.    281.],
[  1240.   5397.  12014.  46885.   2788.  45117.  17151.    480.   3675.  53969.   7114.    778.],
[  1095.   4206.  49264.  10971.   1935.  59918.   3088.    595.   3813.  56800.   3393.   1530.],
[  3.40000000e+01   6.57100000e+03   5.86640000e+04   2.67000000e+02   1.90600000e+03   5.89480000e+04   3.95300000e+03   7.29000000e+02   7.75600000e+03   5.10950000e+04   4.73500000e+03   1.95000000e+03],
[  6.00000000e+00   5.81700000e+03   4.93920000e+04   1.03210000e+04   7.15000000e+02   6.20990000e+04   2.17500000e+03   5.47000000e+02   7.99000000e+02   5.91910000e+04   4.30400000e+03   1.24200000e+03],
[   195.   5584.  59304.    453.   1215.  59413.   3955.    953.   7230.  51445.   4646.   2215.],
[   245.   6289.  57005.   1997.   1326.  60385.   3173.    652.   1420.  57538.   5095.   1483.],
[    63.   9832.  53964.   1677.   7111.  54447.   3328.    650.   8171.  50737.   4737.   1891.],
[    66.  11445.  53583.    442.   7519.  54403.   2909.    705.   9683.  50045.   4411.   1397.],
[  2.60000000e+01   1.11660000e+04   5.12670000e+04   3.07700000e+03   8.14500000e+03   5.21510000e+04   4.25100000e+03   9.89000000e+02   9.69700000e+03   4.80040000e+04   5.68800000e+03   2.14700000e+03],
[     0.   9005.  54023.   2508.   8602.  52305.   3869.    760.  11322.  47196.   5250.   1768.],
[    62.   8031.  57270.    173.  16384.  43689.   4471.    992.  21178.  36254.   5469.   2635.],
[  1.50000000e+01   1.30540000e+04   4.80720000e+04   4.39500000e+03   1.46050000e+04   4.87680000e+04   1.63200000e+03   5.31000000e+02   1.47450000e+04   4.61980000e+04   3.49100000e+03   1.10200000e+03],
[    68.  10039.  55075.    354.  13710.  45661.   4947.   1218.  18649.  38637.   5454.   2796.],
[  4.00000000e+00   9.80000000e+03   3.46750000e+04   2.10570000e+04   1.35520000e+04   4.80630000e+04   3.21600000e+03   7.05000000e+02   1.37230000e+04   4.52700000e+04   5.08600000e+03   1.45700000e+03],
[    91.   6724.  47998.  10723.   5723.  55063.   3792.    958.  25321.  32528.   5333.   2354.],
[   177.   5869.  33212.  26278.   8631.  53786.   2475.    644.  24209.  35717.   4355.   1255.],
[   169.   9950.  44495.  10922.  20895.  42433.   1524.    684.  26807.  34606.   3131.    992.],
[   141.   6665.  58013.    717.   9509.  50962.   4171.    894.  26328.  32180.   4812.   2216.],
[   226.   7419.  47321.  10570.   8639.  50519.   5320.   1058.  26733.  30190.   5982.   2631.],
[   202.   8907.  33079.  23348.  12129.  49042.   3724.    641.  25487.  32876.   5763.   1410.],
[    68.   6173.  37623.  21672.  10833.  51208.   2823.    672.  26465.  33032.   4803.   1236.],
[   138.   5923.  49045.  10430.   5389.  54770.   4534.    843.  28330.  29471.   5566.   2169.],
[   133.   6626.  57324.   1453.   3601.  56417.   4582.    936.  29526.  27815.   5590.   2605.],
[   284.   5799.  33606.  25847.  13660.  50162.   1182.    532.  26086.  35826.   2719.    905.],
[   196.   7516.  57461.    363.   8289.  50908.   5286.   1053.  30304.  26926.   5620.   2686.],
[   131.   5552.  34921.  24932.  10939.  50589.   3408.    600.  25920.  34120.   4253.   1243.],
[   457.   8478.  45542.  11059.   4309.  54342.   6102.    783.  10221.  48067.   4933.   2315.],
[   416.   7881.  46474.  10765.   3963.  53971.   6606.    996.   8140.  50417.   4504.   2475.],
[   641.   8565.  45274.  11056.   4439.  48917.  11513.    667.   7993.  51101.   4661.   1781.],
[   678.   6740.  45761.  12357.   3550.  49104.  12205.    677.   4635.  50805.   8837.   1259.],
[   694.   5113.  46998.  12731.   2838.  50516.  11569.    613.   4977.  51468.   8186.    905.],
[   532.   5849.  46773.  12382.   3035.  50071.  11707.    723.   7395.  52320.   4767.   1054.],
[   563.   5886.  47115.  11972.   2583.  53624.   8470.    859.  11290.  49160.   3584.   1502.],
[   587.   6624.  46459.  11866.   3198.  56234.   5146.    958.  11969.  46962.   4035.   2570.],
[   784.   7696.  46745.  10311.   4071.  54814.   5637.   1014.  16605.  41357.   4695.   2879.],
[   695.   7292.  46677.  10872.   3678.  54837.   5939.   1082.  15663.  42188.   5028.   2657.],
[   828.   9533.  45494.   9681.   6010.  47896.  10849.    781.  20060.  38396.   5248.   1832.],
[   439.   8221.  47092.   9784.   4983.  48218.  11731.    604.  19070.  40268.   4711.   1487.],
[   280.   5252.  50224.   9780.   3179.  51585.  10237.    535.  15641.  45513.   3168.   1214.],
[   268.   7932.  48044.   9292.   5737.  49955.   9240.    604.  19986.  40830.   3502.   1218.],
[   368.   7069.  47487.  10612.   3835.  51227.   9780.    694.  10745.  48886.   4548.   1357.],
[   558.   8114.  45685.  11179.   4520.  54632.   5529.    855.  10490.  48235.   4667.   2144.],
[  2.00000000e+01   1.33130000e+04   4.93470000e+04   2.85600000e+03   2.19130000e+04   3.86610000e+04   1.79900000e+03   3.16300000e+03   3.17630000e+04   2.86200000e+04   1.81400000e+03   3.33900000e+03],
[   448.  21117.  39628.   4343.  33770.  25457.   1787.   4522.  58067.    806.   1969.   4694.],
[   428.   9015.  52777.   3316.   9754.  51104.   1187.   3491.  48557.  12154.   1187.   3638.],
[   740.  19817.  39784.   5195.  31569.  27698.    969.   5300.  58385.    814.    917.   5420.],
[   807.   9549.  50574.   4606.  11121.  48519.   1165.   4731.  52197.   7304.   1171.   4864.],
[   420.  13225.  47519.   4372.  19109.  40235.   1733.   4459.  57652.   1309.   1904.   4671.],
[   708.  14898.  45565.   4365.  19649.  40574.    879.   4434.  59516.    629.    790.   4601.],
[   805.  17183.  41966.   5582.  22937.  35683.   1256.   5660.  56100.   2425.   1176.   5835.],
[   694.  19170.  41007.   4665.  26367.  32826.   1512.   4831.  57877.   1142.   1487.   5030.],
[   188.  24568.  35299.   5481.  41981.  15842.   2136.   5577.  56775.    804.   2210.   5747.],
[    59.  15626.  46864.   2987.  15403.  45672.   1388.   3073.  24542.  36413.   1344.   3237.],
[   236.  24672.  34339.   6289.  43244.  14762.   1215.   6315.  56982.    937.   1159.   6458.],
[  2.40000000e+01   1.85510000e+04   4.28710000e+04   4.09000000e+03   1.81520000e+04   4.16530000e+04   1.48500000e+03   4.24600000e+03   3.05310000e+04   2.90190000e+04   1.58200000e+03   4.40400000e+03],
[   184.  29633.  30197.   5522.  31588.  25734.   2629.   5585.  54099.   3138.   2498.   5801.],
[   228.  27155.  34394.   3759.  26501.  33008.   2157.   3870.  29133.  30201.   2150.   4052.],
[   279.  27020.  35053.   3184.  27759.  33319.   1280.   3178.  31260.  29766.   1171.   3339.],
[   256.  29728.  30206.   5346.  35133.  23588.   1464.   5351.  57704.    941.   1397.   5494.],
[   154.  30890.  28289.   6203.  32872.  24930.   1494.   6240.  51112.   6581.   1432.   6411.],
[    64.  29799.  31196.   4477.  28976.  30229.   1733.   4598.  31354.  27630.   1760.   4792.],
[   119.  31038.  30718.   3661.  30949.  28885.   1914.   3788.  35666.  23902.   2004.   3964.],
[   172.  32468.  27874.   5022.  37099.  21086.   2200.   5151.  56802.   1152.   2183.   5399.],